SHOP_EXT_WATER_VALUES
1.658190277777778 618.8744686880718 02 1.0434836874526954 56.89742879231224 0.3234392866291731 0.0 00
1.658190277777778 954.7598127660763 02 0.9827253394044662 82.14312786657395 0.26421637598068204 82.64182203173468 00
1.658190277777778 821.4628812354462 02 0.978676298022147 81.44200597268139 0.25440784077024536 36.84851267645186 00
1.658190277777778 792.4509006443169 02 0.9449733892921907 87.88749431129501 0.24870016318548224 17.086177059487497 00
1.658190277777778 768.4898971476478 02 0.9799484117137142 80.2787256553518 0.2497188992896397 19.330415185377234 00
1.658190277777778 775.0478040019344 02 0.9236418307731374 90.62169414757977 0.2520489969652159 6.727366410029699 00
1.658190277777778 755.2223069746253 02 0.9775015998444154 80.9057546998993 0.24734071579226904 13.412230850112033 00
1.658190277777778 755.8820515299766 02 0.953300967782296 85.47374490779416 0.25036408414582567 6.983963800794766 00
1.658190277777778 776.3973313437093 02 0.9901967626800497 78.01197692907063 0.2515420621430189 25.578129600230742 00
2.6531044444444447 1000.6222988472406 02 1.687148362028779 56.89742879231224 0.5229502571183262 0.0 00
2.6531044444444447 1543.6958656933614 02 1.5889117066581686 82.14312786657395 0.42719616158560797 82.64182203173468 00
2.6531044444444447 1328.1757742922584 02 1.582365046065282 81.44200597268139 0.4113373088664178 36.84851267645186 00
2.6531044444444447 1281.267982515443 02 1.5278727641608472 87.88749431129501 0.40210889542410605 17.086177059487497 00
2.6531044444444447 1242.5268231776706 02 1.5844218530444896 80.2787256553518 0.4037560308514596 19.330415185377234 00
2.6531044444444447 1253.129923102075 02 1.493383002176357 90.62169414757977 0.4075234308827069 6.727366410029699 00
2.6531044444444447 1221.0752247505523 02 1.58046574459055 80.9057546998993 0.3999108836388687 13.412230850112033 00
2.6531044444444447 1222.1419275263622 02 1.5413371436985335 85.47374490779416 0.4047991928926192 6.983963800794766 00
2.6531044444444447 1255.3118957304605 02 1.6009918183963754 78.01197692907063 0.4067037973175548 25.578129600230742 00
3.7143462222222228 1517.6104865849816 02 2.558841682410315 56.89742879231224 0.7931412232961282 0.0 00
3.7143462222222228 2341.272062968265 02 2.4098494217648887 82.14312786657395 0.6479141784048388 82.64182203173468 00
3.7143462222222228 2014.3999243432586 02 2.3999203198656778 81.44200597268139 0.6238615851140671 36.84851267645186 00
3.7143462222222228 1943.256440148422 02 2.3172736923106183 87.88749431129501 0.6098651580598943 17.086177059487497 00
3.7143462222222228 1884.4990151528004 02 2.4030398104508093 80.2787256553518 0.6123633134580471 19.330415185377234 00
3.7143462222222228 1900.5803833714806 02 2.264964219967475 90.62169414757977 0.6180772035054388 6.727366410029699 00
3.7143462222222228 1851.964090871671 02 2.3970397126290006 80.9057546998993 0.6065315068522842 13.412230850112033 00
3.7143462222222228 1853.5819234149826 02 2.3376946679427757 85.47374490779416 0.6139454425538058 6.983963800794766 00
3.7143462222222228 1903.889708524532 02 2.428170924567836 78.01197692907063 0.6168340925982916 25.578129600230742 00
4.311294722222223 1778.4497889667755 02 2.998642596574588 56.89742879231224 0.9294623710501503 0.0 00
4.311294722222223 2743.6781987909358 02 2.8240422911307297 82.14312786657395 0.7592744278181706 82.64182203173468 00
4.311294722222223 2360.6249113397566 02 2.812406624842591 81.44200597268139 0.7310877950555474 36.84851267645186 00
4.311294722222223 2277.253640798932 02 2.715555108176506 87.88749431129501 0.7146857321014385 17.086177059487497 00
4.311294722222223 2208.397283382188 02 2.8160622778720423 80.2787256553518 0.7176132579586489 19.330415185377234 00
4.311294722222223 2227.242636763454 02 2.654254945274385 90.62169414757977 0.7243092228579363 6.727366410029699 00
4.311294722222223 2170.2704189902397 02 2.8090309132371103 80.9057546998993 0.7107791095925207 13.412230850112033 00
4.311294722222223 2172.166316501933 02 2.7394859389954402 85.47374490779416 0.7194673154927412 6.983963800794766 00
4.311294722222223 2231.120752177186 02 2.845512802227933 78.01197692907063 0.7228524522636229 25.578129600230742 00
