SHOP_WATER_VALUES
9 2
1 1302.8936182906778
2.196807763058306 0.680924813956154
56.89742879231224 0.0
2 2010.0206584548976
2.0688954513778235 0.5562450020645937
82.14312786657395 82.64182203173468
3 1729.3955394430448
2.060371153730836 0.5355954542531483
81.44200597268139 36.84851267645186
4 1668.317685566983
1.98941766166777 0.5235792909168048
87.88749431129501 17.086177059487497
5 1617.8734676792585
2.063049287818346 0.5257239985045047
80.2787256553518 19.330415185377234
6 1631.6795873724934
1.9445091174171314 0.5306294672951913
90.62169414757977 6.727366410029699
7 1589.9416988939483
2.0578981049356115 0.5207172964047769
80.9057546998993 13.412230850112033
8 1591.3306347999508
2.006949405857465 0.5270822824122645
85.47374490779416 6.983963800794766
9 1634.5206975657038
2.084624763536947 0.5295622360905662
78.01197692907063 25.578129600230742
1.0 1.0
1001 1002
-1
